00000000000000000000000000101001
00000000000000000100100000100011
00000000000000000001100010111110
00000000000000000110011110000100
00000000000000000100101011100001
00000000000000000011110101101100
00000000000000000010110011010110
00000000000000000111001010101110
00000000000000000110100101010010
00000000000000000101111110010000
00000000000000000001011001001001
00000000000000000110110111110001
00000000000000000101101011110001
00000000000000000100000110111011
00000000000000000010011011101001
00000000000000000000000111101011
00000000000000000000101110110011
00000000000000000010111010100110
00000000000000000001001011011011
00000000000000000001010100111100
00000000000000000111111010000111
00000000000000000011100100001100
00000000000000000000111100111110
00000000000000000000000010011001
00000000000000000000000100100100
00000000000000000011000001011110
00000000000000000100010000001101
00000000000000000100100100011100
00000000000000000100110100000110
00000000000000000100110110110111
00000000000000000001010101000111
00000000000000000101010011011110
00000000000000000011100110110011
00000000000000000010110100010010
00000000000000000000011101001101
00000000000000000100110111001000
00000000000000000110010001000011
00000000000000000110011010111011
00000000000000000100001010001011
00000000000000000010011010100110
00000000000000000111000000011111
00000000000000000101110100000011
00000000000000000111101001011010
00000000000000000111011001111101
00000000000000000100010100001001
00000000000000000001001000111000
00000000000000000011101100100101
00000000000000000001111000011111
00000000000000000110111001011101
00000000000000000001101011010100
00000000000000000110001111001011
00000000000000000110101111111100
00000000000000000111111110010110
00000000000000000111111111110101
00000000000000000100111001000101
00000000000000000011001000111011
00000000000000000010001000010011
00000000000000000010011000001101
00000000000000000110101110001001
00000000000000000000001100001010
00000000000000000011000000011100
00000000000000000000101111011011
00000000000000000101011010101110
00000000000000000000011100110010
00000000000000000000000100100000
00000000000000000111010110011010
00000000000000000010001101010000
00000000000000000010001011101110
00000000000000000100101101000000
00000000000000000101100001111000
00000000000000000110101100110110
00000000000000000101110011111101
00000000000000000011111000010010
00000000000000000001101001001001
00000000000000000101111100110010
00000000000000000011101111110110
00000000000000000011101010011110
00000000000000000111100101111101
00000000000000000101111101001001
00000000000000000000110111011100
00000000000000000100110010101101
00000000000000000011000101001111
00000000000000000101111000010100
00000000000000000100110111110010
00000000000000000100100101000100
00000000000000000010111001000000
00000000000000000001001101100110
00000000000000000001110011010000
00000000000000000011011001101011
00000000000000000110011011000100
00000000000000000100001000110000
00000000000000000111111010110111
00000000000000000110000000110010
00000000000000000010110000111011
00000000000000000001010110100001
00000000000000000101010000100010
00000000000000000011111011110110
00000000000000000000100000100010
00000000000000000101100110010001
00000000000000000100000010011101
00000000000000000001001011100001
00000000000000000111100110001011
00000000000000000001001000011111
00000000000000000111001111011010
00000000000000000101100010110000
00000000000000000010011011001010
00000000000000000011011010011001
00000000000000000000100100000010
00000000000000000111101110111001
00000000000000000101011101110010
00000000000000000001001110011101
00000000000000000111000001001001
00000000000000000110100100101100
00000000000000000100101010000000
00000000000000000001100001111110
00000000000000000001011011000101
00000000000000000110100010011001
00000000000000000011110011010101
00000000000000000001001111101001
00000000000000000100000010000000
00000000000000000101110110110010
00000000000000000011001111101010
00000000000000000010001111001001
00000000000000000100100011001100
00000000000000000101011101010011
00000000000000000110000010111111
00000000000000000101110001100111
00000000000000000011110011010110
00000000000000000000111110111111
00000000000000000010111100010100
00000000000000000110101011010110
00000000000000000000010001111110
00000000000000000100001000101101
00000000000000000101010011011100
00000000000000000011011010001110
00000000000000000000110101100110
00000000000000000111100110000011
00000000000000000111010111101111
00000000000000000100011001010111
00000000000000000010110001001001
00000000000000000011110001100001
00000000000000000010111111111111
00000000000000000110110001101001
00000000000000000010100010001111
00000000000000000011101001100001
00000000000000000010001011001101
00000000000000000111110111010001
00000000000000000010011000011110
00000000000000000101111010011101
00000000000000000100100010011100
00000000000000000001100100010110
00000000000000000110000101110010
00000000000000000110101101110010
00000000000000000011001011100110
00000000000000000100000000011101
00000000000000000111000111110000
00000000000000000000001110000100
00000000000000000111111101001111
00000000000000000100100101001010
00000000000000000000011001110111
00000000000000000100010000000010
00000000000000000001100011010111
00000000000000000110101111101000
00000000000000000101000000111001
00000000000000000101010000101100
00000000000000000001100101010011
00000000000000000110101111001011
00000000000000000000111111001001
00000000000000000000111000010010
00000000000000000101111100011110
00000000000000000010100000110011
00000000000000000111100001110100
00000000000000000010010010011110
00000000000000000010101100001100
00000000000000000001000111110100
00000000000000000101110111010101
00000000000000000110101011010100
00000000000000000101101010011111
00000000000000000100110011010100
00000000000000000101111110100100
00000000000000000010000001011001
00000000000000000001001001111110
00000000000000000000000000110101
00000000000000000000011111001111
00000000000000000110011100110010
00000000000000000110110100100010
00000000000000000001101011110100
00000000000000000000111011001100
00000000000000000100011011001111
00000000000000000000000111010011
00000000000000000000111010010000
00000000000000000011101000101101
00000000000000000110000001001000
00000000000000000101011111010011
00000000000000000100010110001111
00000000000000000000100101110101
00000000000000000011011111100110
00000000000000000001100111011001
00000000000000000101100100011101
00000000000000000010010100101010
00000000000000000011011111100101
00000000000000000001110111000000
00000000000000000100100111110111
00000000000000000100010000101011
00000000000000000101000001111000
00000000000000000001010010000001
00000000000000000100000010000111
00000000000000000111101101000100
00000000000000000101100100001110
00000000000000000111011001011111
00000000000000000001100001010000
00000000000000000010101100000000
00000000000000000001011011010100
00000000000000000111111101100001
00000000000000000011101010001101
00000000000000000111111110111110
00000000000000000000110001111011
00000000000000000101000000000101
00000000000000000000110000010101
00000000000000000011100000000111
00000000000000000111011100111011
00000000000000000000011000110011
00000000000000000111001010000010
00000000000000000010010100011111
00000000000000000001110100011000
00000000000000000110001001110000
00000000000000000011010010010010
00000000000000000001100111011010
00000000000000000101000001100100
00000000000000000100110101010100
00000000000000000011100111001110
00000000000000000011101110110001
00000000000000000100110010000101
00000000000000000101000100111110
00000000000000000110110101101001
00000000000000000110101000010101
00000000000000000100111111111000
00000000000000000101110001000110
00000000000000000100100001101010
00000000000000000011000000000100
00000000000000000001011110010110
00000000000000000101111001110011
00000000000000000100011100001110
00000000000000000111001111011001
00000000000000000001111100010110
00000000000000000001100000101111
00000000000000000100110101100111
00000000000000000101100101101000
00000000000000000100101011010100
00000000000000000010110011110111
00000000000000000011111101001010
00000000000000000000101001001010
00000000000000000101111011010000
00000000000000000100111001010111
00000000000000000100111101101000
00000000000000000101100001110110
00000000000000000110011011111010
00000000000000000001001100010110
00000000000000000100100110111011
00000000000000000110111100010001
00000000000000000111010010101101
00000000000000000100111010101110
00000000000000000101110100100100
00000000000000000000010110001000
00000000000000000101010101111001
00000000000000000111110011111110
00000000000000000010100001010010
00000000000000000100100011011011
00000000000000000010011100100101
00000000000000000001011001000011
00000000000000000000110111100101
00000000000000000110111100111100
00000000000000000110110011110100
00000000000000000101111101000101
00000000000000000001001111010011
00000000000000000010100111011000
00000000000000000000101000101000
00000000000000000000100111001110
00000000000000000101001000001011
00000000000000000110100011110101
00000000000000000100010111000101
00000000000000000011100101100000
00000000000000000011010001011001
00000000000000000010011000111101
00000000000000000011101110010111
00000000000000000100000000100111
00000000000000000001001110001010
00000000000000000010100101011001
00000000000000000101111001110110
00000000000000000010100000101101
00000000000000000110100111010000
00000000000000000111101011000010
00000000000000000110111111001001
00000000000000000101110011001101
00000000000000000010011001101000
00000000000000000111100011010100
00000000000000000001000001001001
00000000000000000000100001101010
00000000000000000110010001111001
00000000000000000100001100100101
00000000000000000100111000001000
00000000000000000111101001100001
00000000000000000000100101000000
00000000000000000111000000010100
00000000000000000101001110110001
00000000000000000010100100111011
00000000000000000000110101101010
00000000000000000100000010100101
00000000000000000001110100010001
00000000000000000010010100101000
00000000000000000111010111000001
00000000000000000100011010001100
00000000000000000101010011010110
00000000000000000000111010101001
00000000000000000011111100001011
00000000000000000011000010000111
00000000000000000011111110010111
00000000000000000110010110001100
00000000000000000100000100101111
00000000000000000011000011110001
00000000000000000101100000010101
00000000000000000100010000011101
00000000000000000100110110011010
00000000000000000011001010010101
00000000000000000000000011000001
00000000000000000101101010011011
00000000000000000000110011100001
00000000000000000100111111000000
00000000000000000110111001111110
00000000000000000011111011101001
00000000000000000101111110101000
00000000000000000011111110011010
00000000000000000011000010100111
00000000000000000110010010000110
00000000000000000100011011000010
00000000000000000010110110110101
00000000000000000111101001010100
00000000000000000101000010111111
00000000000000000001011010011010
00000000000000000010111111100111
00000000000000000001000011011001
00000000000000000101111100100011
00000000000000000111100111010001
00000000000000000100111001010101
00000000000000000000001110010000
00000000000000000010101000111000
00000000000000000000011100101000
00000000000000000101000111010001
00000000000000000001000011011001
00000000000000000110110001101100
00000000000000000110111010100001
00000000000000000100110001100110
00000000000000000101110001011110
00000000000000000110110101001110
00000000000000000000000111100001
00000000000000000001000000110000
00000000000000000101101010011100
00000000000000000100111011111110
00000000000000000001101111011001
00000000000000000000100001110001
00000000000000000001010110011111
00000000000000000100111111100010
00000000000000000010101110100101
00000000000000000010100011100010
00000000000000000010111100001100
00000000000000000101010010011011
00000000000000000110011010110100
00000000000000000110011101000111
00000000000000000100001101100101
00000000000000000100111000111000
00000000000000000110011000101010
00000000000000000111001101000110
00000000000000000001001010001001
00000000000000000101000010101001
00000000000000000011001110000010
00000000000000000010000001111001
00000000000000000001000101111010
00000000000000000110110101110110
00000000000000000000100001111000
00000000000000000011011011000010
00000000000000000100100101100011
00000000000000000010011010110001
00000000000000000100011000100110
00000000000000000001110011011111
00000000000000000010011111011010
00000000000000000000111000101001
00000000000000000110011101101101
00000000000000000001000100111110
00000000000000000010010001100010
00000000000000000110010011100000
00000000000000000111001010010110
00000000000000000110010100010010
00000000000000000101111100110100
00000000000000000100111010111111
00000000000000000010111000111001
00000000000000000110110110100110
00000000000000000001110100111111
00000000000000000110111010001001
00000000000000000001110101011110
00000000000000000001111111110001
00000000000000000100010101101101
00000000000000000111111000001110
00000000000000000000011011100011
00000000000000000000101001101100
00000000000000000100001100101000
00000000000000000011011010100001
00000000000000000000110000011110
00000000000000000010000100100000
00000000000000000111001000011101
00000000000000000001110111001011
00000000000000000001001011000010
00000000000000000001000000000011
00000000000000000111011100111111
00000000000000000000101001000001
00000000000000000000011000000111
00000000000000000000011110000100
00000000000000000010101100001111
00000000000000000111010100010100
00000000000000000011001100000101
00000000000000000011011101100101
00000000000000000111100100011011
00000000000000000110101100101000
00000000000000000100010001100001
00000000000000000110101111001001
00000000000000000101100011000101
00000000000000000011001011100111
00000000000000000010000100101100
00000000000000000000000010001110
00000000000000000100001101000110
00000000000000000111101000110110
00000000000000000011001100001000
00000000000000000001111011011100
00000000000000000100101011110011
00000000000000000010000010101000
00000000000000000101011110001101
00000000000000000111100011111110
00000000000000000011011110111110
00000000000000000111000111110010
00000000000000000000000011101011
00000000000000000111100001110001
00000000000000000100110011111111
00000000000000000110010010100000
00000000000000000100100111010000
00000000000000000001001000111011
00000000000000000001110001110101
00000000000000000011000100000110
00000000000000000000000010001100
00000000000000000011010101111110
00000000000000000000101010000111
00000000000000000101010001111000
00000000000000000110110101110011
00000000000000000000100001001101
00000000000000000110011111010000
00000000000000000101010010111110
00000000000000000101100010000010
00000000000000000110011010111110
00000000000000000100001111011011
00000000000000000101011111000010
00000000000000000001001001000110
00000000000000000101100001000001
00000000000000000101110100101011
00000000000000000110001110001100
00000000000000000000001111111010
00000000000000000110111100110000
00000000000000000101001001111111
00000000000000000101101001110000
00000000000000000000101011110000
00000000000000000100011010100111
00000000000000000111100101010100
00000000000000000000011110000110
00000000000000000010001100110010
00000000000000000001001010010101
00000000000000000111110110101010
00000000000000000100111101011011
00000000000000000010010101101000
00000000000000000111011000010011
00000000000000000010111100001011
00000000000000000101100011100110
00000000000000000001101111111100
00000000000000000001001111110101
00000000000000000001111011001010
00000000000000000100001010111110
00000000000000000111001101111101
00000000000000000000110110011111
00000000000000000111001110001001
00000000000000000011100010001010
00000000000000000000101001000001
00000000000000000110010000011011
00000000000000000001010111111101
00000000000000000111110010111000
00000000000000000110001101001111
00000000000000000110111101101000
00000000000000000001101011110110
00000000000000000011101001110010
00000000000000000000000001111011
00000000000000000110000000010100
00000000000000000000111010011001
00000000000000000011001111001101
00000000000000000010011111010011
00000000000000000111111100001101
00000000000000000000010011110000
00000000000000000010000001000100
00000000000000000001100000111010
00000000000000000001111110110100
00000000000000000001001110100110
00000000000000000100111101100110
00000000000000000111000101010011
00000000000000000111100000110011
00000000000000000001100100001011
00000000000000000110001111001011
00000000000000000101001010100001
00000000000000000101010000010000
00000000000000000111010001011110
00000000000000000011101001001100
00000000000000000111010111101100
00000000000000000101010100000011
00000000000000000001001101001100
00000000000000000101000101110011
00000000000000000100100011100110
00000000000000000011011000000101
00000000000000000111100010110100
00000000000000000100010100110001
00000000000000000100101000001110
00000000000000000100010010101010
00000000000000000010000010101101
00000000000000000011001011001111
00000000000000000010110011010101
00000000000000000000010010110000
00000000000000000110010111001010
00000000000000000001100100100111
00000000000000000000100011111111
00000000000000000011000111011000
00000000000000000100101110011101
00000000000000000000100100010100
00000000000000000001100101001101
00000000000000000001001111110100
00000000000000000101001001111001
00000000000000000011101000100111
00000000000000000100110101011001
00000000000000000101100101000010
00000000000000000011100001111100
00000000000000000101011110011100
00000000000000000011001011000001
00000000000000000110101011111000
00000000000000000100101111001101
00000000000000000001100110001100
00000000000000000111100110000111
00000000000000000111000000100000
00000000000000000011001000100011
00000000000000000111111001100100
00000000000000000001011110111000
00000000000000000111001010100110
00000000000000000100100110000111
00000000000000000011100010010101
00000000000000000101000001001100
00000000000000000101101010110000
00000000000000000000011001011010
00000000000000000010010010001101
00000000000000000010000101001110
00000000000000000011010000101101
00000000000000000111001010011001
00000000000000000101101011100111
00000000000000000101110100111101
00000000000000000111001010110001
00000000000000000011001001100000
00000000000000000011001011011110
00000000000000000111001110110001
00000000000000000010011110000000
00000000000000000011000110101101
00000000000000000100100100001000
00000000000000000010110101000001
00000000000000000101110111101001
00000000000000000101111101100111
00000000000000000101111001000001
00000000000000000101111010100101
00000000000000000001000111010101
00000000000000000001100110011111
00000000000000000010001011100100
00000000000000000101011100011000
00000000000000000111010010011111
00000000000000000010111100010101
00000000000000000100001001000010
00000000000000000000111000000000
00000000000000000111010000100110
00000000000000000001100111111110
00000000000000000100001001001100
00000000000000000101001111010001
00000000000000000011100000100001
00000000000000000101100000000100
00000000000000000000101110010011
00000000000000000000101000101111
00000000000000000000100110110011
00000000000000000000001110001111
00000000000000000010110101110011
00000000000000000010011101010011
00000000000000000101100101000000
00000000000000000001001001000011
00000000000000000011001010001010
00000000000000000000100010101111
00000000000000000101011001111110
00000000000000000101110011001010
00000000000000000001100101101111
00000000000000000101100011010101
00000000000000000100111011001111
00000000000000000101001111010011
00000000000000000100010110100001
00000000000000000000110010010101
00000000000000000100010111001110
00000000000000000000011001011010
00000000000000000111110010111110
00000000000000000011101101100101
00000000000000000111110000100111
00000000000000000101110100101010
00000000000000000100001111110110
00000000000000000101011100000111
00000000000000000101100010101101
00000000000000000010111110100001
00000000000000000011000110111110
00000000000000000000011001100101
00000000000000000110011110100110
00000000000000000001010110110100
00000000000000000000011111001001
00000000000000000010011111000000
00000000000000000110010001101001
00000000000000000001101100110010
00000000000000000010100100110100
00000000000000000011111000001001
00000000000000000000000100101100
00000000000000000011100001001101
00000000000000000100000100000001
00000000000000000100110110001111
00000000000000000110000100010111
00000000000000000011001101010110
00000000000000000010110011000110
00000000000000000110101111011011
00000000000000000111100010011101
00000000000000000100111111001000
00000000000000000111111110100110
00000000000000000000011011011000
00000000000000000100100000001011
00000000000000000110111010001000
00000000000000000011000110000001
00000000000000000010011100111000
00000000000000000010010001100001
00000000000000000000001101101011
00000000000000000100111001101000
00000000000000000011001000010010
00000000000000000000001001100010
00000000000000000000001111111001
00000000000000000011101001010100
00000000000000000110110111010000
00000000000000000111011111100111
00000000000000000011001101110001
00000000000000000101110100010111
00000000000000000100111001001000
00000000000000000110011101111000
00000000000000000111000000001101
00000000000000000100101010010010
00000000000000000100110000101001
00000000000000000000101000011101
00000000000000000110010110000110
00000000000000000011101100101001
00000000000000000100101110011001
00000000000000000100101101110010
00000000000000000100100011011011
00000000000000000110100001110100
00000000000000000101011000011100
00000000000000000010101111111010
00000000000000000000000101001111
00000000000000000010001000110111
00000000000000000010101110111000
00000000000000000001110110110101
00000000000000000110001010110000
00000000000000000010111110010101
00000000000000000110111101010111
00000000000000000000111011110101
00000000000000000101110011011111
00000000000000000101000010000000
00000000000000000111001001101100
00000000000000000001011101101101
00000000000000000100010010001101
00000000000000000111001101110100
00000000000000000110001111011001
00000000000000000111101110001011
00000000000000000001100101000011
00000000000000000111001101100101
00000000000000000110011000010001
00000000000000000111101000001000
00000000000000000110110010100101
00000000000000000111000111110110
00000000000000000101000001111001
00000000000000000001011110111101
00000000000000000100111011110111
00000000000000000010000111101011
00000000000000000010000000010101
00000000000000000101110110111000
00000000000000000110010011100000
00000000000000000001010111100001
00000000000000000101101101100000
00000000000000000011110110001111
00000000000000000000101001101110
00000000000000000110011100111100
00000000000000000110110101111011
00000000000000000000111111110100
00000000000000000010011101011011
00000000000000000100100101100010
00000000000000000011110010001010
00000000000000000110000110001010
00000000000000000001100010001111
00000000000000000101110100100111
00000000000000000111111101011100
00000000000000000000000111110111
00000000000000000101001011100101
00000000000000000101100010000111
00000000000000000001011001001010
00000000000000000000100100111011
00000000000000000010001100110010
00000000000000000101011010011011
00000000000000000110101101100001
00000000000000000100011101000000
00000000000000000010111110000100
00000000000000000110001111000110
00000000000000000001110111000011
00000000000000000101000110110001
00000000000000000001110110100111
00000000000000000001101000110000
00000000000000000111110001001010
00000000000000000010010000010000
00000000000000000000001011101110
00000000000000000110001001110101
00000000000000000001001101101111
00000000000000000000011000000011
00000000000000000000000100101111
00000000000000000010110010011110
00000000000000000101001001101010
00000000000000000010101111101111
00000000000000000011010100010000
00000000000000000011010101010000
00000000000000000000101110011011
00000000000000000100010111001000
00000000000000000101100110000001
00000000000000000010101101000011
00000000000000000101010000101001
00000000000000000111000000101000
00000000000000000100010010001010
00000000000000000100100011110110
00000000000000000000011011101001
00000000000000000011101110011110
00000000000000000010000101000111
00000000000000000011011010100001
00000000000000000110111010000001
00000000000000000011111001001000
00000000000000000000101100110001
00000000000000000100100001101100
00000000000000000101101011001101
00000000000000000110001110100100
00000000000000000110111010011110
00000000000000000110110011011110
00000000000000000010010110000001
00000000000000000110111010100011
00000000000000000101001010001100
00000000000000000101111110011000
00000000000000000110101000010000
00000000000000000110000111111111
00000000000000000110111110011010
00000000000000000111010001000011
00000000000000000111010011001101
00000000000000000100001011001111
00000000000000000011100001010111
00000000000000000000110111000111
00000000000000000010110101010000
00000000000000000110100101011001
00000000000000000011011010111111
00000000000000000001010110111101
00000000000000000000000000011100
00000000000000000101010000100111
00000000000000000110001100000011
00000000000000000000100000101000
00000000000000000000101101111111
00000000000000000011000101011101
00000000000000000101011110001001
00000000000000000110011101011111
00000000000000000001001110111001
00000000000000000001001001001001
00000000000000000000011000110100
00000000000000000010110001001110
00000000000000000000001001100000
00000000000000000111110100111100
00000000000000000101001011100101
00000000000000000000011011011110
00000000000000000111010100000010
00000000000000000101000110011000
00000000000000000011011101000010
00000000000000000000001010110010
00000000000000000001111100001101
00000000000000000011001000101011
00000000000000000101001110110110
00000000000000000110010000010100
00000000000000000000001011101100
00000000000000000110100110111011
00000000000000000001000110111000
00000000000000000101000100101111
00000000000000000100011001110011
00000000000000000111110111100010
00000000000000000011101101010001
00000000000000000001101101111110
00000000000000000010011001111101
00000000000000000110010000011101
00000000000000000010101111011000
00000000000000000011110110000100
00000000000000000100110111010011
00000000000000000000110100011111
00000000000000000111111000000001
00000000000000000110000010111110
00000000000000000001001101010000
00000000000000000011101001101011
00000000000000000101101100010110
00000000000000000111111111010110
00000000000000000110001101000011
00000000000000000101001000100001
00000000000000000100111110000011
00000000000000000111100100011001
00000000000000000101100000010101
00000000000000000010010100011000
00000000000000000100100010011000
00000000000000000010010100101011
00000000000000000100011000101100
00000000000000000101101100101110
00000000000000000001111110001011
00000000000000000100010111111001
00000000000000000011111100001110
00000000000000000111100111011100
00000000000000000101010110111100
00000000000000000110000111110000
00000000000000000100111111001010
00000000000000000011100100001110
00000000000000000110011000111101
00000000000000000101111101101101
00000000000000000111111010010100
00000000000000000001101000110001
00000000000000000101000010010010
00000000000000000111010001110100
00000000000000000100101110101111
00000000000000000111010110001101
00000000000000000100000010110101
00000000000000000011111010100100
00000000000000000011100110010000
00000000000000000111000111010101
00000000000000000111100001011110
00000000000000000001011101101010
00000000000000000010000001000000
00000000000000000001100111111100
00000000000000000101110110000000
00000000000000000111100001110110
00000000000000000101000000000010
00000000000000000000010101001011
00000000000000000101001000010111
00000000000000000000010001101011
00000000000000000100011100110110
00000000000000000100010110110001
00000000000000000011100100100001
00000000000000000000011111011011
00000000000000000111111101111101
00000000000000000001000001011010
00000000000000000100110011101010
00000000000000000000011001110010
00000000000000000001011000011110
00000000000000000101010010000010
00000000000000000010101010001101
00000000000000000010100001110001
00000000000000000101001110101000
00000000000000000011010010001100
00000000000000000011011010111000
00000000000000000001110001011110
00000000000000000101011011011001
00000000000000000001010101001110
00000000000000000011111110101111
00000000000000000100000011111010
00000000000000000110011010111111
00000000000000000011011110110000
00000000000000000000000010010100
00000000000000000010101101110100
00000000000000000011000000011101
00000000000000000001000001110101
00000000000000000110100111100101
00000000000000000101110111011100
00000000000000000111001000010000
00000000000000000101001001011000
00000000000000000101001101000110
00000000000000000100000111011010
00000000000000000101110111110010
00000000000000000101111001011011
00000000000000000111101010000001
00000000000000000011101110100000
00000000000000000010111001111111
00000000000000000000111001011100
00000000000000000111001111001011
00000000000000000110100100011101
00000000000000000011101000110110
00000000000000000000110111101001
00000000000000000110111101001001
00000000000000000110000101110100
00000000000000000000010100000010
00000000000000000011010101010101
00000000000000000111011111010010
00000000000000000000100010101100
00000000000000000001010100011010
00000000000000000001101100001011
00000000000000000000111011110111
00000000000000000100101110101001
00000000000000000000111100100110
00000000000000000100111100100011
00000000000000000100101001000000
00000000000000000101100001011011
00000000000000000101110110100011
00000000000000000111010100110011
00000000000000000101010110111001
00000000000000000010011000110101
00000000000000000110011110001000
00000000000000000011000001101000
00000000000000000111111110101101
00000000000000000110001011100001
00000000000000000001101000101010
00000000000000000001010111010101
00000000000000000011000110110010
00000000000000000001011100110010
00000000000000000100101001011101
00000000000000000001100100001010
00000000000000000111101011100101
00000000000000000001100001011010
00000000000000000011000011011100
00000000000000000010011011101001
00000000000000000000111101110111
00000000000000000001100101011101
00000000000000000000010111101011
00000000000000000110001010110101
00000000000000000110000101101001
00000000000000000111000011000101
00000000000000000000000000111010
00000000000000000011100101101100
00000000000000000011011010010011
00000000000000000110011010011000
00000000000000000011101100001101
00000000000000000011111101010111
00000000000000000101111111101011
00000000000000000001111010000111
00000000000000000100011110011010
00000000000000000000101111011111
00000000000000000111011000000100
00000000000000000111001001101000
00000000000000000110110110110010
00000000000000000000011110100010
00000000000000000011111011010101
00000000000000000101000011100110
00000000000000000101111110100100
00000000000000000110000011000110
00000000000000000010000010111100
00000000000000000111010001110111
00000000000000000110010101011111
00000000000000000001100110001101
00000000000000000100011011000011
00000000000000000000011010001111
00000000000000000100001011010110
00000000000000000110010100101010
00000000000000000101101000100001
00000000000000000000001100010100
00000000000000000101110110101001
00000000000000000100011011010100
00000000000000000111010100000100
00000000000000000111000000010001
00000000000000000110011000000001
00000000000000000010011100011000
00000000000000000011001010001101
00000000000000000011110110101110
00000000000000000000011010111011
00000000000000000101001101110011
00000000000000000000000000011100
00000000000000000110001001100000
00000000000000000110000011001010
00000000000000000001110000100000
00000000000000000001001111001111
00000000000000000000011101011101
00000000000000000101010111010110
00000000000000000000010000101111
00000000000000000010110001000101
00000000000000000101100101010011
00000000000000000110011000101001
00000000000000000011011111010111
00000000000000000111110110101000
00000000000000000101000101011001
00000000000000000010010111001100
00000000000000000011110100001101
00000000000000000110111111101010
00000000000000000000101000100110
00000000000000000000110011101101
00000000000000000001001001010101
00000000000000000001001001001110
00000000000000000111010110000000
00000000000000000010011110000100
00000000000000000010111111011001
