9742051863
9741306852
9741306825
9713068524
9641702853
9630815724
9630718524
9630418572
9630285741
9630275184
9630258174
9615207483
9613807425
9613074852
9603175824
9538026174
9530681742
9528307146
9520738641
9520368147
9504186372
9463071852
9463028571
9461370852
9460317582
9428317506
9427318506
9425817036
9420617538
9417268053
9417036852
9415026837
9413862057
9407316852
9384206175
9364180572
9360285741
9358207146
9352814706
9318407526
9318257046
9317286405
9314702586
9304815726
9283175064
9283075164
9281470635
9263185047
9263184075
9261370485
9258170364
9248306157
9248136075
9247186035
9247185063
9241706358
9203681475
9150268374
9148307526
9147025863
9138620574
9137285046
9053172864
9035281746
8642097531
8627140935
8620514973
8613509427
8603147925
8539041726
8536071429
8531629740
8529307461
8526307941
8524703961
8524179630
8524179360
8520741963
8519063724
8516024793
8502963741
8473091526
8473025961
8470251693
8427915063
8427360915
8419257036
8413097526
8407316952
8357160249
8352960741
8317206495
8306925741
8304915726
8304796251
8271350946
8251940736
8241796350
8207146935
8206951473
8192570364
8172064953
8170369524
8150964273
8149703625
8147069253
8142097536
8137025964
8130695247
8073169524
8036971425
8027519463
7941502683
7582036914
7581403692
7530649182
7529168304
7528139640
7519403862
7518036924
7516902483
7516408392
7516038429
7502683149
7480915263
7460915283
7429630815
7425960318
7420915863
7420695813
7419630852
7419630285
7419268350
7419053862
7418630295
7418630259
7418296350
7415296830
7413968520
7413862950
7413692850
7405813692
7405813629
7403862951
7386205149
7382490516
7380246195
7316950842
7316490852
7306195824
7283905146
7263185940
7249185360
7249053168
7248159603
7248059613
7241905386
7241859630
7209485316
7206195384
7182530946
7180539642
7142869350
7140839625
7081469253
7063184295
7061953842
7048159263
7048136295
7038692514
7036958142
7036814952
7035914286
7031958246
7029584136
7028613594
7025869314
6952073184
6931825704
6930481572
6924803175
6920847135
6852074139
6851902473
6835091427
6831479025
6830491572
6827135094
6825194073
6824195307
6820974135
6820374195
6815024793
6814702953
6814039752
6804152973
6491372850
6490531728
6490352817
6471825309
6470831925
6470392581
6470358192
6428591307
6420837915
6420831975
6417928530
6417038259
6417028539
6415097283
6415093827
6407925813
6407528139
6405827319
6405397281
6394802751
6394182570
6374809152
6370491528
6370481592
6357902418
6350842791
6318529704
6318497520
6314859207
6314809752
6314792580
6308529741
6307529184
6307529148
6307185249
6295184073
6295084713
6291853074
6291483075
6275309481
6275194083
6275194038
6275184039
6275091483
6271409358
6271309485
6258403971
6258093174
6257908413
6257903148
6257048139
6257038419
6251908473
6251903748
6207485913
6205849731
6195084273
6174809352
6172094853
6170835924
6158094273
6157903842
6152974830
6150942837
6137948502
6135849027
6091473825
6074182539
6058137249
6057138249
6038479251
6035829714
6025794813
6025793841
5961380742
5946027138
5926318407
5924813607
5924718603
5920741863
5920368147
5916420837
5914730286
5861720394
5860319724
5860314792
5849031726
5847031692
5840731629
5820714693
5820379164
5820369147
5819720364
5803697142
5791380246
5790316824
5741863029
5741829630
5741396820
5740386291
5740369281
5726390841
5724819630
5720869314
5716820394
5716024839
5714286930
5714083962
5713869024
5713084296
5706318429
5704813629
5704619283
5703841926
5703691842
5396417028
5394286170
5390417268
5384296170
5380296174
5380269714
5369720814
5369281470
5369247081
5360741829
5319720864
5317480296
5317286490
5317269084
5316820794
5314790286
5306817429
5304792681
5297413068
5296418073
5291380746
5286091473
5286031479
5283791640
5283741906
5283079164
5281479630
5269713084
5269380417
5263079418
5261379480
5249731680
5247083169
5241796308
5209741386
5197380246
5196820374
5190637248
5190372864
5186297403
5184279630
5180742963
5180369247
5164083972
5094682713
5069728314
5069713824
5061728394
5046831792
5046827139
5029713864
4970286135
4953172860
4953168207
4938271605
4930286175
4930271685
4905317286
4835916027
4819630752
4819257036
4815720369
4813702596
4809627135
4809362751
4803179625
4802619753
4790258613
4758203691
4752916830
4750268319
4738620519
4736920581
4730619582
4730286915
4718520369
4716920835
4716258093
4716208359
4713968520
4713908526
4708619253
4703581926
4702586931
4695207318
4693182570
4685209713
4683179205
4682730915
4682713509
4682519703
4680279135
4639258170
4630752918
4630718529
4630279185
4619730285
4619703825
4615703829
4609582731
4605713829
4603582971
4296308157
4296158073
4295380716
4295186370
4293681570
4286915703
4286130975
4285916037
4285713069
4283975160
4283179605
4279130685
4275180369
4273609158
4259630718
4259613708
4258603179
4258170369
4258136970
4209683175
4208619753
4196302857
4180279635
4179630852
4179620835
4179285306
4159268370
4152968307
4150968273
4139685207
4139680275
4138279605
4085269713
4083579162
4079631852
4079258136
4075281396
4075186392
4073681592
4053972861
4038619257
3974206158
3974205186
3964170285
3961520748
3942861750
3941862750
3925817460
3908526174
3864150972
3862051497
3849057162
3847025169
3842096157
3841905726
3829164075
3827905146
3825190647
3804915726
3794150268
3792514086
3748096251
3748091526
3742961580
3742951860
3742096851
3742091586
3741906825
3741596028
3728690514
3728590641
3724908516
3724815960
3724805961
3724805916
3724690518
3708516924
3708146925
3704915286
3704815926
3692814750
3692470851
3692470815
3691470258
3685207419
3685190247
3685140792
3681502479
3681470295
3649157208
3642097581
3629518407
3629508471
3625190847
3605817429
3605197248
3594602718
3594172680
3592471860
3592074186
3584906172
3584902716
3582971460
3582961740
3582071469
3579168024
3579162084
3571408692
3529641807
3529607418
3529168074
3528174690
3509647182
3509468271
3508627149
3195847026
3185960247
3185297046
3184975206
3179625804
3179025864
3175804692
3174805926
3172864905
3169508427
3168520974
3164908572
3148097526
3147925860
3079152864
3075196824
3069518427
3068174295
3047926815
2974130685
2971386405
2970415863
2968041753
2964085713
2963185047
2963041857
2961307485
2951863704
2951840736
2938046157
2936815704
2918530746
2859160374
2857130649
2819460357
2817469053
2793804615
2790514683
2758140369
2758094613
2751940386
2751840396
2750946831
2750814639
2736814059
2716094853
2693804175
2683509147
2683049157
2619753804
2617509483
2613794850
2596137048
2594186370
2594186307
2586307149
2586137049
2586031479
2584703169
2581703649
2581369740
2581369704
2580946137
2580731649
2580369714
2580369147
2579304186
2579084136
2574039681
2570369184
2539084716
2519084736
2497316850
2483961570
2483591607
2483097516
2481963075
2480596137
2471860359
2470831695
2469350817
2418596307
2417963085
2058497316
1972480536
1963028574
1926830475
1869304752
1862974035
1857902463
1852930746
1850296374
1849035726
1829630475
1827935046
1807429635
1793048526
1792853064
1758203649
1748059263
1728649053
1695203748
1695084273
1693074258
1682793504
1647039258
1642839750
1592683047
1586902473
1580742963
1572639084
1572084936
1529748306
1526974038
1526908473
1497036258
1483975206
1480936275
1479258036
1475820639
1475820369
1475296038
1473692058
1470692538
1468370259
1463928570
1460958273
1396852074
1386490572
1379485026
1372859064
1357902468
0964718253
0946827135
0862714953
0861379425
0852974136
0851692473
0849731625
0796318524
0758293641
0752814936
0752813964
0751863924
0751693842
0741829635
0738629514
0736815924
0736814952
0718529364
0716924835
0716824935
0695184273
0685297413
0682713594
0681742953
0681592473
0647185293
0641792853
0639714258
0635819427
0615793824
0592683147
0586137942
0584973162
0582963147
0582731946
0579382461
0574182963
0572681493
0571682493
0539682417
0538629147
0536971428
0536928147
0495813627
0479631852
0479261358
0471692853
0469318257
0461973825
0396824175
0386925147
0386192574
0384792516
0369741825
0369724815
0369714258
0369581427
0369281475
0369184275
0358297146
0286931475
0258693174
0258693147
0257948136

